6
374
183
100
333
375
423
3
17
409
348
23
350
396
138
297
292
43
144
260
252
390
49
35
438
439
14
11
493
500
237
319
24
69
430
417
140
430
343
2
7
26
476
468
255
342
254
319
5
12
343
36
321
142
159
139
415
371
189
207
188
324
7
7
164
425
189
348
392
45
274
4
4
350
26
288
288
3
16
342
185
172
321
342
368
148
58
196
398
391
330
207
55
356
67
15
17
300
282
464
398
380
196
138
298
230
316
428
488
91
98
335
460
391
3
7
166
74
453
196
267
58
34
6
13
104
122
110
93
288
246
377
431
418
29
40
79
313
2
8
11
46
158
406
129
215
349
290
6
8
166
344
323
304
479
219
212
361
6
3
244
350
91
3
10
103
257
324
5
82
95
446
92
227
419
4
3
107
47
206
1
17
406
101
291
371
478
64
427
322
330
39
144
138
498
347
15
286
285
17
12
421
425
255
234
442
242
40
214
307
38
465
42
8
6
18
91
325
473
95
125
6
17
279
392
138
222
93
284
358
278
85
70
211
413
433
201
448
205
157
7
7
33
299
233
332
339
391
26
3
9
435
279
480
469
101
281
43
482
494
4
16
83
432
261
236
457
305
385
408
86
189
282
376
254
204
405
103
2
2
494
229
2
11
171
82
93
54
271
336
391
107
164
56
86
2
17
123
469
126
7
171
438
476
116
427
75
175
487
431
329
435
261
24
14
17
482
362
56
367
65
171
392
288
30
325
151
79
51
118
175
60
320
4
6
410
393
132
416
166
451
6
3
262
358
475
2
15
211
176
372
56
178
432
168
491
328
181
29
337
69
136
497
11
12
99
197
46
181
280
313
273
195
280
455
8
3
5
11
461
315
103
65
267
43
338
246
192
308
94
10
3
82
101
1
1
8
117
39
282
496
257
481
111
376
4
9
25
190
305
407
238
397
76
178
361
4
10
326
360
486
14
118
190
434
486
195
488
7
15
390
281
257
132
156
174
11
265
272
403
166
465
431
31
218
2
11
154
200
157
366
379
400
196
499
462
273
369
11
12
180
499
404
42
189
115
73
352
255
352
209
127
11
9
68
121
144
176
61
414
244
47
334
6
18
12
193
184
171
49
428
488
160
106
127
44
95
34
346
192
330
124
142
1
9
101
24
90
255
448
162
182
445
174
9
5
255
26
40
29
402
1
3
343
84
477
3
7
357
83
156
245
386
219
246
5
14
151
166
214
124
29
69
476
443
432
54
173
289
30
127
2
18
40
278
438
468
101
96
21
124
91
369
237
314
150
156
370
165
318
400
4
14
58
405
122
459
322
408
327
428
137
347
453
138
344
468
3
15
354
221
452
410
354
392
462
112
82
3
384
138
446
184
327
15
2
87
381
1
13
143
260
289
382
154
421
347
443
112
406
487
399
422
13
10
57
162
201
414
45
106
155
324
165
29
9
7
292
227
156
258
297
374
464
3
6
406
180
203
55
336
157
5
2
340
121
2
11
458
166
263
410
320
310
472
21
497
307
157
2
8
273
187
152
4
291
209
46
432
6
19
364
84
389
153
371
211
293
235
406
25
121
138
215
437
427
309
88
406
366
9
19
209
293
355
135
217
488
440
370
481
437
445
121
403
189
345
96
387
440
87
9
7
300
121
118
358
453
236
103
6
16
251
388
328
61
264
391
217
45
387
69
174
291
163
493
371
144
15
14
412
182
4
35
62
307
112
353
130
481
41
232
204
1
1
2
389
205
2
18
467
446
257
491
30
418
82
369
401
5
68
239
206
37
440
455
363
180
15
8
371
264
60
356
154
346
18
484
5
2
393
475
1
8
233
384
133
437
38
88
250
340
2
2
166
488
1
5
99
55
138
463
366
4
6
367
424
315
123
378
170
1
4
113
401
66
304
4
11
196
443
192
287
212
213
413
131
12
481
432
11
6
128
285
426
416
158
10
2
4
224
91
128
208
4
11
202
168
112
149
499
155
268
463
50
455
372
9
13
160
438
139
451
456
123
160
289
469
11
188
61
150
1
18
368
99
220
359
449
291
115
328
180
197
470
277
459
397
146
106
130
57
6
9
29
353
280
229
270
462
424
275
303
3
16
454
165
135
362
259
114
415
23
445
348
197
475
457
251
266
179
2
12
335
490
259
310
231
279
220
419
168
260
278
436
5
15
117
424
385
227
116
181
200
457
375
358
13
330
382
167
193
3
18
370
29
397
354
335
172
96
253
154
239
240
422
67
150
151
437
202
463
16
3
190
194
88
1
11
252
383
357
313
222
439
55
198
396
380
168
10
5
452
412
500
185
228
3
19
68
284
121
73
137
249
346
352
122
25
447
400
428
325
53
318
360
447
279
17
10
15
421
397
338
5
97
429
268
119
338
5
15
377
89
72
244
269
262
205
415
308
61
317
97
44
383
180
7
18
193
244
295
364
107
153
264
252
241
412
359
201
335
451
354
163
7
421
15
19
272
180
373
328
135
14
391
125
55
291
433
137
345
213
309
352
478
496
247
10
6
284
384
499
448
429
118
5
14
202
375
55
91
325
281
351
155
129
398
491
42
146
499
10
15
352
441
227
201
384
403
233
452
40
412
128
395
365
194
72
7
16
286
134
345
250
123
218
347
474
73
73
458
419
123
392
331
247
11
19
157
185
213
462
309
357
298
246
459
497
107
406
179
230
22
347
14
20
101
6
5
67
408
362
321
351
2
6
339
3
263
348
125
314
5
4
185
35
274
310
1
4
146
348
405
289
4
13
290
183
118
97
172
459
297
310
406
435
404
439
310
12