10
8 1 3 10 9 7 5 4 6 2
12 10 57 45 2 39 51 53 21 57
5
1 4 2 5 3
28 58 24 36 24
5
3 4 2 5 1
55 7 34 55 17
8
6 1 7 4 5 2 8 3
11 12 47 7 22 40 12 53
5
3 2 4 1 5
55 36 19 6 47
9
7 6 3 5 4 8 1 2 9
54 35 34 25 22 1 17 59 4
8
5 4 7 6 3 2 1 8
5 60 49 7 30 26 6 35
6
3 6 2 4 1 5
53 13 35 48 16 51
7
1 7 3 4 2 6 5
19 30 21 49 35 5 25
8
5 6 3 8 1 4 2 7
18 58 50 40 47 8 4 3
5
4 1 3 5 2
9 44 56 16 5
3
2 1 3
4 20 38
4
3 1 4 2
27 55 22 1
6
6 4 5 3 2 1
20 7 56 40 26 14
4
2 3 4 1
29 53 57 54
4
2 4 3 1
3 29 48 28
5
1 4 3 2 5
7 44 23 17 54
6
3 1 5 6 2 4
47 16 48 54 22 39
7
4 6 2 3 7 5 1
15 58 38 9 54 9 55
9
9 1 8 6 7 2 4 3 5
37 25 40 53 41 11 15 21 52
4
2 4 1 3
10 33 32 55
4
1 4 2 3
33 3 43 13
7
5 2 6 1 3 7 4
45 39 1 10 19 10 48
4
1 4 2 3
2 3 53 21
8
7 1 3 5 4 6 8 2
19 8 14 22 55 0 35 50
7
5 3 2 6 1 4 7
29 56 27 23 26 58 32
7
2 4 6 7 1 3 5
43 51 12 3 54 7 7
9
2 9 5 3 7 8 4 6 1
9 16 37 52 31 33 49 55 31
6
2 5 6 3 1 4
9 30 58 2 1 40
3
1 3 2
13 35 59
7
4 5 3 1 2 7 6
26 2 12 57 15 39 38
4
2 3 1 4
51 6 18 12
8
2 1 8 5 4 7 3 6
20 32 56 52 41 53 48 38
9
5 7 8 6 9 1 4 2 3
52 24 4 44 47 36 56 27 39
8
4 8 7 2 1 6 5 3
44 30 20 54 0 49 25 30
8
5 4 2 7 3 1 8 6
7 45 6 19 56 34 31 35
7
1 2 6 4 7 5 3
31 42 46 58 51 52 38
6
1 6 4 2 5 3
21 24 14 44 30 22
3
3 2 1
35 5 20
8
1 7 4 5 2 3 6 8
50 11 49 3 39 56 60 53
3
1 3 2
52 40 46
3
2 1 3
60 51 39
5
5 2 4 1 3
42 59 14 9 48
9
3 7 8 6 4 5 9 2 1
56 57 17 21 25 37 55 57 14
10
3 7 10 6 4 8 2 9 5 1
25 29 18 7 4 57 29 49 24 0
3
3 2 1
12 27 41
8
4 1 8 5 6 7 2 3
58 45 17 48 31 30 53 4
6
2 3 6 4 1 5
33 53 39 9 55 12
6
3 2 6 5 1 4
34 15 43 17 24 22
7
4 6 5 2 7 3 1
21 28 19 32 35 28 50
5
5 1 2 3 4
2 11 59 27 7
7
6 4 1 5 3 2 7
8 12 42 20 38 59 55
2
1 2
27 42
10
2 3 8 10 7 5 6 9 1 4
38 11 42 35 22 21 32 1 16 36
4
3 1 4 2
44 15 5 16
10
2 1 8 4 10 3 7 9 6 5
46 59 1 20 29 16 4 47 16 36
6
5 2 3 6 1 4
38 19 39 57 21 20
5
2 5 1 4 3
13 3 17 42 52
8
7 4 6 5 8 1 3 2
46 14 26 27 57 33 25 19
9
2 5 4 8 9 7 3 1 6
42 20 39 16 36 8 19 60 20
9
5 9 6 2 3 8 7 1 4
30 29 29 24 19 59 30 53 60
4
2 3 1 4
17 60 0 16
3
2 1 3
14 36 34
4
2 3 1 4
27 7 53 1
8
4 7 3 1 8 5 2 6
19 22 3 55 5 59 41 36
7
5 2 3 1 6 4 7
34 52 48 48 40 34 5
4
2 4 1 3
11 45 16 50
9
1 4 3 7 9 5 6 2 8
59 42 49 19 50 15 26 0 45
7
3 7 1 2 6 4 5
0 59 51 11 9 27 60
6
1 3 2 6 5 4
40 25 31 57 56 54
8
5 3 1 8 7 4 6 2
59 13 31 18 17 9 20 30
3
3 2 1
56 12 55
7
7 3 5 1 4 6 2
56 44 52 41 16 54 26
5
1 2 4 3 5
59 7 18 26 33
6
3 5 4 6 2 1
2 15 60 44 19 22
1
1
58
10
7 10 8 3 9 5 4 2 6 1
16 45 59 26 35 7 3 13 58 53
8
1 5 4 7 8 6 3 2
42 8 40 25 41 44 40 11
4
4 1 3 2
57 6 50 56
8
7 2 5 1 4 3 6 8
17 17 48 47 25 9 44 16
10
9 10 6 4 7 5 1 2 3 8
24 30 33 33 49 15 17 55 5 17
7
1 4 7 5 2 6 3
32 57 60 40 12 7 32
7
3 1 4 2 5 7 6
45 47 0 28 17 49 15
5
2 1 5 3 4
60 49 27 56 22
8
1 8 3 4 2 6 5 7
6 34 20 47 53 45 52 57
4
4 3 1 2
53 24 11 31
6
1 5 3 4 2 6
60 42 11 21 26 31
6
2 1 6 4 5 3
20 28 51 24 20 50
7
3 6 4 7 2 5 1
56 46 9 49 42 3 6
5
2 1 4 3 5
8 25 57 28 14
5
1 5 2 4 3
30 5 21 31 19
9
1 3 6 5 2 9 7 4 8
18 38 35 52 56 57 46 15 43
8
6 5 3 7 4 2 1 8
36 5 15 5 34 13 7 5
3
3 2 1
13 43 31
10
1 4 5 6 2 9 7 8 10 3
49 52 18 37 26 39 56 45 11 36
1
1
13
9
5 7 1 8 9 6 2 3 4
53 19 48 36 19 27 6 18 52
7
7 2 6 5 3 4 1
43 51 32 46 36 22 36
10
6 3 8 5 1 7 2 9 4 10
52 15 30 2 20 56 59 50 50 53
8
5 4 3 6 8 2 7 1
3 26 12 44 47 36 55 47
8
7 8 2 3 4 6 1 5
60 52 7 9 23 54 44 52
7
3 4 6 7 1 2 5
38 3 44 50 50 39 33
5
4 3 1 5 2
41 41 22 18 40
3
3 1 2
48 1 34
5
2 4 3 1 5
10 33 16 42 33
10
9 5 2 1 3 8 4 10 6 7
36 60 4 17 21 7 4 35 50 9
4
3 2 1 4
34 34 55 27
10
3 4 10 8 6 5 7 2 1 9
18 8 45 26 24 49 56 6 50 36
3
2 1 3
31 27 42
8
7 1 5 3 8 2 6 4
54 9 5 48 58 1 52 6
9
2 5 3 9 8 7 4 6 1
20 25 35 1 45 1 11 33 57
5
5 4 3 2 1
53 54 55 3 45
10
1 2 5 8 4 3 6 10 9 7
47 20 40 52 13 41 58 42 32 56
5
2 5 1 4 3
40 18 16 3 26
10
10 6 3 4 9 7 8 2 5 1
7 5 34 32 10 58 55 27 32 37
7
2 1 6 3 5 4 7
45 4 51 28 7 24 58
9
5 3 2 1 7 8 4 6 9
9 58 35 1 38 19 20 2 4
10
4 3 7 2 1 8 5 10 6 9
3 34 21 21 57 47 5 23 46 1
3
3 2 1
16 49 35
4
1 3 4 2
8 32 43 1
7
6 4 7 2 5 1 3
49 14 8 22 59 10 50
6
2 6 4 1 3 5
34 7 36 27 12 27
8
6 3 1 2 5 4 7 8
0 48 10 33 27 36 10 29
4
4 2 3 1
56 43 39 44
4
3 4 1 2
11 40 19 54
9
5 3 7 8 4 2 1 9 6
37 1 10 9 5 27 5 0 18
8
8 4 5 1 6 7 3 2
16 24 5 47 43 45 5 40
3
2 1 3
42 23 28
2
1 2
31 12
7
4 7 1 5 6 2 3
17 0 14 51 45 50 53
7
2 6 3 1 7 4 5
7 23 52 27 22 35 29
3
2 3 1
7 25 17
7
3 2 1 4 5 7 6
38 3 30 36 28 37 56
7
2 6 7 4 1 5 3
37 11 27 23 34 42 28
6
1 2 3 5 4 6
45 60 45 15 1 48
10
4 5 10 6 3 7 8 2 1 9
6 32 30 18 16 48 42 40 8 55
9
6 3 9 1 7 4 2 8 5
51 20 36 58 12 27 29 5 46
10
4 6 2 10 7 3 8 5 1 9
47 19 3 50 31 15 26 51 36 35
7
2 7 3 1 6 4 5
42 60 0 4 43 55 3
9
3 2 6 5 9 7 4 8 1
21 24 39 40 7 46 0 58 33
9
6 5 9 1 3 4 7 8 2
8 5 39 13 14 42 41 31 2
7
3 6 1 2 5 4 7
13 24 33 0 8 39 60
5
2 3 1 5 4
9 37 0 42 44
6
2 6 1 3 5 4
16 3 50 10 54 48
10
3 7 5 2 9 10 6 1 8 4
29 38 4 45 26 12 33 49 60 30
6
1 4 2 5 6 3
7 28 30 25 16 20
4
2 4 1 3
22 45 6 59
2
1 2
37 11
2
2 1
49 46
10
2 5 6 10 3 4 1 7 9 8
15 59 45 15 57 25 29 58 42 39
4
2 3 4 1
60 36 56 36
3
2 3 1
53 14 23
3
2 3 1
60 24 47
2
2 1
23 48
8
5 4 2 6 1 8 3 7
29 5 48 5 58 38 42 21
3
3 2 1
15 27 3
6
1 2 6 3 5 4
55 30 10 29 7 9
10
8 5 9 2 7 3 6 4 1 10
7 56 34 32 15 55 20 27 10 3
3
2 1 3
53 44 51
4
1 2 3 4
0 60 30 32
7
1 3 4 2 5 6 7
4 51 49 10 8 4 38
10
8 7 6 9 1 4 3 10 2 5
46 4 32 5 38 12 51 42 30 27
4
1 2 3 4
24 7 56 59
8
3 2 4 1 7 5 8 6
50 39 11 59 23 4 23 11
4
1 4 2 3
36 8 1 60
3
2 3 1
30 30 33
7
6 7 3 1 2 4 5
41 20 40 42 28 39 1
1
1
33
2
2 1
28 55
4
3 4 2 1
50 20 58 10
4
1 2 4 3
15 10 56 40
4
4 2 3 1
51 25 58 57
8
8 6 2 3 5 1 4 7
50 43 4 24 44 59 25 33
3
2 3 1
51 30 26
4
3 1 2 4
7 25 48 57
9
2 1 3 6 4 5 7 8 9
30 42 55 15 28 48 48 15 57
4
3 1 2 4
37 13 32 3
8
1 6 5 7 8 4 2 3
34 31 14 25 13 7 19 7
10
8 9 6 4 7 1 3 10 5 2
54 35 40 23 15 37 0 55 46 42
5
2 5 1 3 4
2 6 9 43 31
10
3 8 4 9 5 7 6 2 1 10
41 36 38 31 20 1 14 28 2 39
5
1 4 5 3 2
34 26 13 46 13
9
3 7 2 4 1 5 8 6 9
1 59 11 36 26 29 20 0 10
4
3 1 4 2
45 35 4 21
6
1 6 4 2 5 3
53 45 59 32 1 34
5
2 4 1 5 3
9 4 1 21 13
10
8 7 9 3 10 5 2 4 1 6
29 28 42 5 58 29 32 41 6 41
5
4 5 1 3 2
5 44 11 58 10
4
4 2 1 3
2 52 15 12
3
1 2 3
20 56 48
9
8 3 1 7 6 2 4 5 9
48 26 44 18 30 31 28 1 31
3
2 1 3
52 8 52
10
3 7 1 8 5 10 2 6 9 4
48 46 2 26 20 10 50 0 26 17
10
4 8 2 1 10 9 7 6 3 5
44 24 55 49 18 37 24 59 50 14
7
7 1 3 6 5 4 2
16 33 52 52 21 40 26
5
3 4 2 5 1
7 25 51 6 25
4
1 3 2 4
27 38 26 34
3
3 2 1
11 11 20
4
1 3 4 2
16 22 21 58
3
1 3 2
28 19 9
5
2 1 5 4 3
53 39 23 22 51
3
1 2 3
59 28 26
3
1 3 2
8 48 21
3
2 3 1
3 7 37
9
1 9 8 7 5 4 3 2 6
55 23 44 9 47 31 24 59 16
10
5 7 3 6 4 9 1 2 10 8
22 20 33 48 30 24 50 8 14 7
4
2 4 1 3
1 47 51 39
2
2 1
58 15
10
6 8 10 1 7 9 4 5 3 2
38 19 14 18 1 13 56 47 19 17
5
1 4 2 3 5
21 17 28 32 32
5
2 3 4 1 5
22 40 57 5 24
5
4 1 2 3 5
53 5 59 55 19
7
2 7 3 6 1 4 5
60 9 29 2 33 58 7
3
3 2 1
0 10 9
10
8 10 7 6 4 3 5 9 2 1
14 49 47 0 15 36 32 2 51 32
7
2 5 4 3 7 1 6
3 28 24 50 12 49 40
5
4 2 5 1 3
30 33 9 0 15
10
3 10 7 6 8 5 4 2 1 9
42 60 50 10 8 46 6 20 21 7
10
6 7 8 4 1 10 5 9 3 2
2 46 43 44 39 14 18 20 1 52
4
1 4 2 3
56 23 55 14
10
10 9 2 6 5 8 3 1 4 7
31 30 60 33 0 5 20 38 34 24
8
1 2 6 5 4 3 8 7
54 23 3 17 20 20 36 11
5
2 1 4 3 5
6 55 8 52 21
6
2 4 6 3 5 1
15 28 60 50 21 48
6
2 6 3 1 5 4
36 9 30 34 9 32
7
1 3 2 7 4 5 6
15 51 16 14 19 50 34
1
1
5
5
1 3 2 5 4
44 59 24 24 25
4
2 4 3 1
48 0 32 10
4
1 3 2 4
2 54 46 42
4
2 1 3 4
6 36 22 51
7
5 3 6 1 7 2 4
42 26 39 43 19 3 21
10
5 4 3 7 9 8 1 2 6 10
47 36 51 23 0 28 8 59 12 53
9
4 7 3 5 9 1 8 6 2
51 3 36 44 27 31 56 50 16
7
6 2 1 4 3 7 5
18 6 10 46 27 1 40
9
7 3 6 2 1 5 9 8 4
57 56 43 33 54 0 20 46 1
6
4 3 2 1 6 5
60 8 27 57 29 36
5
2 4 5 1 3
20 20 17 27 48
8
8 6 3 5 7 1 4 2
18 37 2 46 53 26 58 34
4
3 1 2 4
37 48 48 4
3
2 1 3
23 1 41
7
1 6 7 2 4 3 5
27 9 29 5 34 24 41
7
7 3 6 5 1 4 2
46 48 51 1 16 25 29
5
2 4 5 1 3
39 34 47 1 12
7
1 5 6 3 4 2 7
49 19 2 23 24 30 11
4
3 1 2 4
52 2 48 33
8
5 6 8 2 7 1 4 3
24 52 39 36 3 12 8 35
6
3 6 4 5 1 2
44 15 5 15 52 45
3
2 3 1
51 22 45
4
4 1 3 2
29 28 12 42
10
10 4 6 1 2 7 9 8 3 5
33 26 4 34 14 59 13 49 7 24
10
6 4 10 7 5 2 1 3 8 9
55 28 31 46 56 46 19 53 1 37
5
3 4 5 1 2
31 47 3 1 30
9
1 8 7 3 4 6 9 5 2
9 56 4 56 26 13 53 8 7
5
3 2 4 5 1
44 53 25 49 4
4
4 2 1 3
55 28 56 15
4
2 1 3 4
25 13 21 12
8
3 1 8 7 6 2 4 5
15 21 1 46 51 43 17 23
3
1 3 2
7 18 5
6
1 6 2 4 3 5
0 58 21 29 59 37
8
7 2 3 8 5 1 6 4
15 46 48 45 24 42 1 47
10
6 10 1 3 9 8 7 5 4 2
7 48 1 60 27 16 6 40 3 58
5
3 2 5 4 1
26 5 14 55 19
10
4 1 2 3 6 10 5 8 9 7
28 37 40 8 44 14 21 39 11 51
3
2 1 3
6 17 57
2
2 1
45 35
9
7 9 1 4 2 5 8 6 3
3 31 18 9 54 8 21 17 55
6
1 4 2 6 5 3
41 30 10 48 9 57
9
4 9 6 5 1 8 2 3 7
22 31 43 59 37 57 43 51 60
10
8 5 4 10 1 6 2 7 9 3
7 14 9 41 41 55 37 12 14 30
8
6 8 5 1 2 3 4 7
2 30 28 26 58 32 43 15
10
4 1 10 5 7 2 8 6 9 3
15 59 59 18 17 27 48 14 46 14
5
4 3 2 5 1
35 38 28 11 10
8
7 6 3 4 8 1 2 5
37 57 16 30 56 36 2 31
5
3 5 1 4 2
24 18 53 9 31
9
6 3 1 8 2 7 5 9 4
5 49 32 20 2 23 8 15 41
3
1 3 2
2 30 6
7
3 4 1 2 7 6 5
48 12 20 19 0 40 42
10
9 7 1 5 4 2 6 3 8 10
13 10 14 45 7 34 45 29 58 27
9
7 6 9 4 5 3 1 2 8
35 43 42 28 26 35 45 56 8
7
7 6 4 1 3 5 2
50 1 46 29 49 45 23
3
1 2 3
50 48 13
8
4 6 3 2 8 5 7 1
21 17 14 51 10 38 20 28
5
1 3 2 4 5
16 24 3 22 13
6
5 6 4 2 3 1
54 60 34 15 45 54
6
2 1 4 6 3 5
26 7 34 33 23 56
9
2 1 7 8 4 9 5 6 3
16 12 50 4 15 4 20 6 6
9
8 5 2 9 6 1 7 3 4
25 22 49 3 7 17 36 16 8
2
2 1
31 26
5
1 4 2 3 5
30 18 52 19 2
8
1 6 3 2 4 7 5 8
29 29 26 35 37 30 5 8
4
2 4 3 1
55 11 1 46
10
7 5 1 3 8 9 4 2 10 6
12 33 60 32 19 36 39 27 0 1
6
6 4 3 5 1 2
41 28 20 60 16 6
5
4 2 5 3 1
38 43 32 34 39
10
10 2 1 5 6 9 8 7 4 3
47 32 53 43 6 24 28 19 11 39
3
3 1 2
25 35 60
5
1 4 2 3 5
13 40 58 9 26
4
4 1 3 2
38 34 18 38
7
2 1 7 6 5 3 4
2 52 8 4 35 3 59
9
1 4 6 5 7 9 2 8 3
0 58 16 49 47 13 9 45 23
8
2 8 5 1 6 7 4 3
7 24 37 7 28 45 36 53
4
4 3 1 2
54 16 7 38
9
8 7 2 6 5 1 3 9 4
58 26 55 11 12 47 22 39 22
9
8 4 9 2 7 5 3 6 1
0 11 32 46 36 8 48 49 53
3
3 1 2
3 21 14
10
1 7 3 4 5 8 10 9 2 6
2 37 5 41 50 47 57 39 23 53
8
4 2 8 7 3 1 6 5
55 4 51 51 19 17 1 36
3
2 3 1
17 11 5
5
4 1 2 5 3
0 42 7 33 57
8
5 7 6 3 4 8 2 1
56 25 26 22 33 29 24 50
8
6 2 1 4 3 7 8 5
33 44 5 26 32 29 32 39
8
4 3 1 2 8 7 5 6
9 50 18 3 50 18 3 44
9
9 3 4 8 1 7 6 5 2
7 10 53 31 15 5 20 39 12
9
2 1 7 9 5 6 8 4 3
7 56 1 44 15 36 1 25 12
7
5 7 6 1 2 4 3
33 12 27 2 58 6 57
4
4 2 1 3
46 27 58 22
9
2 6 5 9 3 8 1 4 7
36 37 2 1 44 55 13 39 10
8
5 1 4 3 6 2 7 8
20 48 48 23 29 43 23 46
9
6 9 2 8 7 1 4 5 3
57 45 32 22 41 1 33 7 35
5
5 4 3 1 2
25 50 17 43 15
5
3 5 2 4 1
45 37 35 41 11
4
1 4 3 2
60 16 30 2
7
3 5 6 1 2 4 7
10 55 30 16 40 24 33
4
2 1 4 3
46 13 26 22
7
3 1 6 2 5 7 4
26 29 27 14 44 22 32
4
4 2 1 3
39 50 14 49
6
3 5 6 4 2 1
23 0 4 47 34 47
3
3 1 2
48 32 34
6
5 4 3 6 2 1
29 28 49 25 18 45
2
2 1
23 36
8
3 2 1 6 8 7 5 4
57 39 4 52 23 50 45 47
8
1 5 3 2 6 4 8 7
15 49 25 50 2 2 14 28
6
5 2 4 1 6 3
31 41 42 37 43 17
7
3 7 4 5 1 6 2
17 7 38 33 20 57 13
3
2 1 3
48 58 21
4
3 4 1 2
43 33 0 19
7
3 2 4 6 5 1 7
54 35 37 41 36 21 56
1
1
55
6
6 4 2 3 1 5
49 34 46 3 53 46
9
6 5 7 3 2 8 1 4 9
49 50 58 4 55 12 58 40 30
6
2 4 5 1 3 6
26 21 1 58 5 5
7
5 1 4 7 6 3 2
44 49 60 13 2 43 8
8
8 2 5 1 4 3 7 6
10 50 41 60 15 55 31 25
10
10 2 4 1 3 9 5 6 8 7
52 38 23 4 34 10 44 47 55 47
5
1 2 3 4 5
53 49 41 36 24
7
6 2 4 7 1 5 3
37 41 16 55 19 21 34
9
6 5 4 7 9 8 3 1 2
11 14 59 11 46 43 27 49 4
5
5 3 2 1 4
23 23 0 40 30
6
3 4 1 5 2 6
24 20 55 12 50 52
3
2 1 3
22 29 53
4
1 4 3 2
11 28 45 55
9
2 6 8 5 9 4 3 7 1
39 55 15 6 36 25 0 0 35
5
5 1 2 4 3
1 11 28 27 11
6
4 2 6 1 3 5
50 0 58 60 41 31
10
9 4 6 3 1 2 10 8 5 7
51 38 8 19 53 55 20 37 23 56
8
1 4 3 8 5 7 6 2
17 39 24 3 2 32 18 16
8
3 8 4 7 1 5 2 6
36 42 52 49 43 56 15 38
10
2 8 10 7 1 4 9 6 5 3
39 29 54 40 55 5 42 51 17 19
10
5 1 3 9 7 8 2 4 6 10
7 39 27 43 34 49 18 56 44 58
5
2 1 5 3 4
56 10 19 44 24
10
8 2 5 10 6 9 1 7 4 3
50 41 25 11 54 60 60 36 30 34
7
6 7 3 4 5 2 1
18 14 50 16 32 25 30
10
3 7 1 8 10 2 5 4 9 6
6 33 0 44 15 36 1 14 17 43
3
1 2 3
8 40 39
9
4 6 7 9 2 5 1 8 3
35 9 55 43 34 28 51 19 2
10
7 3 2 6 4 9 5 10 8 1
44 14 41 13 41 57 29 43 56 58
3
2 1 3
2 49 16
9
5 3 4 1 6 8 2 9 7
31 31 3 24 49 33 58 23 1
6
6 4 3 5 2 1
0 60 5 55 29 17
3
3 1 2
11 1 26
7
3 6 2 7 4 5 1
59 5 11 40 20 26 9
3
1 3 2
45 55 45
8
7 1 4 6 2 8 3 5
7 24 60 4 3 37 30 43
7
7 1 5 2 6 4 3
19 46 47 21 48 19 22
3
1 2 3
3 5 19
3
1 2 3
40 1 1
8
2 3 4 7 5 1 8 6
4 37 42 45 27 36 14 5
5
4 5 2 3 1
58 19 24 44 11
3
3 2 1
50 4 58
3
1 3 2
50 34 13
7
7 3 2 1 4 6 5
11 19 24 20 3 38 35
7
4 5 2 7 6 1 3
34 31 8 9 23 31 55
5
2 1 3 4 5
29 8 1 56 22
3
1 2 3
37 30 47
4
3 2 1 4
43 57 49 10
7
6 7 5 1 3 2 4
47 37 37 59 45 17 31
10
2 1 10 5 9 6 4 8 3 7
52 5 24 24 41 40 46 31 2 48
5
4 2 5 3 1
17 17 52 16 17
7
5 1 7 4 3 2 6
12 29 8 8 0 40 8
9
7 1 2 5 3 9 6 4 8
39 39 54 44 34 10 2 16 15
9
3 4 6 8 9 7 1 2 5
2 60 26 28 2 11 38 48 13
8
5 4 8 7 2 3 6 1
23 11 24 42 6 21 2 25
5
5 4 3 1 2
4 54 35 0 11
7
1 4 3 7 2 5 6
8 18 6 17 50 1 16
10
8 5 2 6 10 7 3 1 9 4
26 16 50 26 41 56 47 17 13 38
7
6 3 7 5 4 1 2
31 19 60 12 23 25 17
9
8 9 4 6 3 5 7 2 1
4 1 26 10 20 33 40 13 18
5
3 5 4 1 2
41 57 23 3 15
4
1 2 4 3
47 51 21 23
7
2 1 3 6 4 5 7
10 5 47 48 12 19 31
4
2 4 1 3
57 59 25 18
9
6 8 9 5 3 7 2 4 1
6 20 48 17 1 57 56 0 40
5
5 4 1 2 3
25 31 29 49 2
8
6 4 5 8 3 1 2 7
19 35 44 30 19 57 31 58
10
7 3 6 9 2 1 8 4 10 5
35 47 35 33 59 19 47 28 47 19
9
3 7 5 6 1 9 2 8 4
4 5 4 12 25 56 45 21 9
6
1 4 5 3 6 2
14 5 60 57 36 8
8
3 2 5 8 4 1 6 7
55 29 39 29 45 17 5 2
10
6 5 2 9 8 7 1 4 3 10
44 50 46 60 56 35 16 44 57 57
8
3 8 4 5 6 1 7 2
2 27 46 25 50 31 44 41
5
3 5 4 2 1
46 9 50 39 40
3
3 2 1
25 43 23
3
2 1 3
47 44 5
3
2 3 1
3 26 12
10
9 6 3 10 7 1 8 5 4 2
33 42 42 33 22 40 35 31 52 49
10
2 6 4 9 1 3 8 10 7 5
58 6 14 8 25 14 27 6 49 26
5
5 1 3 4 2
28 11 1 16 32
4
1 3 4 2
35 32 19 27
5
3 1 2 4 5
33 36 38 19 16
6
3 1 5 2 6 4
5 10 28 14 39 34
9
2 3 8 5 1 9 7 4 6
27 17 47 10 31 23 9 53 52
8
6 1 5 2 8 3 7 4
56 45 18 55 20 52 18 57
7
7 4 2 1 3 5 6
50 44 0 5 36 28 3
7
3 7 5 6 1 2 4
8 34 0 23 36 26 40
8
1 3 2 6 7 8 5 4
55 45 10 13 10 3 30 8
2
2 1
11 45
9
4 9 5 7 6 2 8 1 3
16 21 20 56 22 25 50 27 23
5
5 3 4 1 2
51 7 51 11 3
4
4 2 1 3
53 40 24 59
9
8 3 2 5 7 1 6 9 4
0 50 12 23 1 10 32 6 57
8
7 8 5 2 1 3 6 4
53 47 45 56 11 7 8 4
3
2 3 1
7 1 17
5
1 4 5 2 3
56 58 53 25 13
4
3 4 1 2
58 30 56 27
5
5 2 3 4 1
22 3 52 56 13
4
4 3 1 2
19 21 4 43
6
6 2 4 3 5 1
2 32 28 54 56 41
8
4 8 1 3 5 2 7 6
39 48 42 47 14 36 58 20
7
5 2 1 6 4 3 7
19 56 37 35 1 12 3
4
2 1 4 3
37 42 36 34
4
1 3 4 2
10 50 43 57
4
4 3 2 1
17 10 33 38
7
5 4 2 6 7 3 1
33 47 15 5 26 58 22
8
2 7 3 4 5 6 1 8
57 39 34 50 36 28 43 38
9
2 7 6 9 1 8 3 4 5
28 48 8 2 48 18 6 48 41
4
3 1 2 4
50 43 41 36
7
6 4 7 1 5 3 2
54 17 40 29 28 17 13
3
3 2 1
54 46 11
8
6 1 8 2 4 5 7 3
1 10 35 27 46 15 3 37
6
5 1 2 3 4 6
46 44 19 60 1 48
5
5 4 1 2 3
36 1 8 12 52
4
2 4 1 3
5 30 46 5
4
2 1 4 3
50 31 39 8
7
2 6 3 4 5 1 7
56 7 60 59 15 37 7
8
5 3 1 7 6 2 4 8
20 21 54 4 35 8 35 17
7
7 4 6 3 5 1 2
17 8 11 13 12 18 11
5
5 2 4 1 3
17 17 52 22 22
10
4 8 7 9 5 3 10 2 6 1
39 38 3 31 15 53 46 39 20 28
10
1 7 2 8 6 9 3 4 10 5
7 10 36 29 22 25 52 0 24 1
7
3 4 7 6 5 2 1
42 47 10 60 24 35 50
7
4 2 7 6 3 5 1
22 4 44 10 14 40 52
10
9 8 5 10 3 1 6 2 7 4
57 2 41 60 17 9 25 37 10 32
8
1 3 7 2 4 5 6 8
18 40 39 31 32 1 53 45
6
2 1 6 5 3 4
55 8 54 50 13 44
9
3 1 7 2 5 6 8 4 9
4 46 20 46 50 39 59 27 58
3
3 2 1
20 58 25
5
5 2 4 3 1
34 21 19 47 44
3
1 3 2
19 13 39
7
4 5 6 1 3 7 2
35 48 29 55 20 27 39
6
2 4 3 1 6 5
24 41 50 31 3 36
9
2 6 7 5 1 3 4 8 9
9 15 46 30 37 43 6 44 21
2
2 1
55 11
10
5 7 9 6 10 8 1 3 4 2
22 11 47 47 31 26 20 7 33 50
3
3 2 1
9 22 56
4
4 1 2 3
43 48 10 27
7
3 7 4 1 5 6 2
20 15 6 20 18 21 37
5
5 4 1 2 3
33 1 19 17 36
1
1
38
9
2 7 8 6 5 4 1 3 9
50 39 43 2 7 34 2 32 9
10
10 8 4 5 6 3 2 1 9 7
43 54 53 26 59 53 4 20 44 40
4
3 2 1 4
20 28 31 43
5
4 1 5 2 3
59 55 7 35 57
10
4 1 7 9 2 3 6 8 10 5
53 53 38 3 4 37 30 40 31 28
9
7 8 4 5 9 2 1 6 3
42 42 33 26 10 32 40 10 13
4
4 2 3 1
26 38 46 24
3
1 3 2
9 52 41
8
6 4 2 8 5 3 7 1
9 24 47 51 31 56 54 19
6
2 5 1 6 3 4
44 29 15 33 46 4
7
2 6 4 5 3 1 7
59 1 16 31 36 56 54
10
5 9 6 7 4 3 10 8 1 2
37 42 41 14 27 46 49 0 2 7
5
5 1 4 2 3
44 26 16 56 3
7
6 7 2 3 5 4 1
14 24 58 51 22 44 49
6
5 3 2 1 4 6
25 8 48 50 46 10
8
3 6 4 8 5 7 1 2
47 18 50 39 23 50 26 43
6
4 1 6 5 3 2
5 57 50 7 40 40
8
4 3 8 5 7 6 1 2
15 17 1 8 7 33 45 15
7
5 1 7 6 2 3 4
23 20 14 33 0 1 30
9
7 8 1 3 4 2 5 6 9
31 11 44 30 32 7 51 22 17
4
3 1 2 4
50 44 34 52
3
2 3 1
10 56 37
10
2 6 4 7 10 1 5 9 3 8
10 51 18 41 25 16 8 30 24 58
3
3 2 1
3 47 16
9
9 4 2 5 7 6 1 8 3
25 41 14 43 11 54 43 25 9
5
1 2 3 5 4
29 47 0 4 8
3
1 3 2
48 33 19
7
6 1 4 5 2 3 7
3 56 24 42 5 42 56
6
4 1 2 5 3 6
25 1 49 57 47 30
8
5 2 1 4 6 8 7 3
49 46 7 25 16 49 33 30
3
2 1 3
52 56 32
9
2 8 4 1 5 9 3 7 6
0 60 42 53 0 24 12 55 24
10
4 5 9 8 2 7 6 10 3 1
32 24 24 1 56 41 8 42 1 2
7
7 2 1 4 6 3 5
34 20 23 1 17 52 33
7
5 6 3 7 2 4 1
39 45 17 5 57 53 26
3
1 2 3
15 3 2
4
1 2 4 3
35 39 46 59
10
1 10 4 6 9 5 3 8 7 2
33 60 38 55 60 18 27 44 22 23
4
3 2 1 4
21 9 24 54
5
2 1 4 3 5
59 30 25 35 57
8
2 7 1 6 8 3 5 4
49 5 29 46 2 4 26 45
9
9 4 3 5 2 6 7 1 8
45 60 56 56 24 58 32 56 42
8
8 2 5 3 1 6 7 4
42 1 8 20 60 39 24 28
10
8 10 1 2 3 7 9 5 6 4
27 43 13 57 50 44 29 5 34 29
3
2 1 3
54 34 52
7
4 1 2 5 3 7 6
1 39 36 13 2 36 26
9
5 1 9 7 6 8 4 3 2
35 5 56 47 42 22 21 12 37
3
3 2 1
0 40 20
5
5 1 2 4 3
17 20 59 19 28
6
5 3 6 1 2 4
60 23 28 20 24 34
7
6 3 2 5 4 7 1
15 2 59 12 8 51 23
3
2 1 3
43 51 35
8
6 3 1 5 8 4 2 7
11 7 33 37 7 47 11 35
10
8 9 1 4 5 6 2 10 7 3
15 28 22 5 33 6 59 42 39 53
8
4 6 5 2 8 3 7 1
38 51 17 16 26 4 45 2
3
2 1 3
43 13 45
8
7 3 8 1 4 2 6 5
0 55 35 53 15 47 34 27
3
3 2 1
5 7 58
10
4 2 8 10 6 1 9 5 7 3
37 35 23 26 22 44 41 11 23 45
7
5 1 2 4 7 3 6
31 54 35 27 13 46 40
9
7 5 1 4 9 2 6 8 3
50 54 47 2 11 25 19 20 8
4
2 1 4 3
6 6 58 41
10
10 1 9 2 5 7 8 4 6 3
19 40 25 38 36 1 52 54 22 54
9
8 1 3 6 4 2 5 7 9
17 22 7 19 17 49 24 6 57
7
7 6 3 5 2 1 4
2 23 55 12 31 0 31
9
3 5 6 1 8 9 7 2 4
10 57 48 26 45 32 22 39 5
8
3 6 7 1 8 4 2 5
18 31 49 36 25 43 57 21
4
2 4 3 1
41 54 45 6
6
4 2 3 6 5 1
6 18 37 18 41 22
7
1 4 3 6 7 2 5
23 23 33 23 1 3 31
9
7 1 4 3 6 5 2 9 8
41 58 0 56 36 42 2 7 23
3
1 2 3
60 40 59
9
7 5 2 8 4 9 6 1 3
55 12 47 55 59 6 45 6 19
4
3 2 1 4
58 32 59 46
3
2 3 1
25 45 36
8
2 5 4 1 7 8 3 6
24 53 15 18 4 18 30 11
7
7 1 6 4 3 2 5
9 33 34 24 43 20 27
6
2 5 4 3 1 6
57 0 30 51 48 29
8
5 4 6 1 3 8 7 2
27 41 55 45 43 18 13 45
4
4 2 1 3
36 24 13 24
4
4 1 3 2
32 48 60 53
3
3 2 1
6 13 27
6
5 1 6 4 2 3
52 41 21 6 26 29
5
1 5 4 2 3
59 6 21 16 40
9
4 9 7 3 1 6 8 5 2
31 46 0 49 19 44 60 40 17
6
4 2 1 3 5 6
42 34 36 29 26 45
3
1 3 2
48 41 42
10
5 10 2 8 6 1 3 9 7 4
7 25 55 10 31 34 2 44 48 46
5
5 1 4 3 2
17 8 37 58 2
10
2 3 9 10 4 5 8 1 7 6
26 36 42 27 47 46 11 52 36 22
4
4 3 2 1
4 0 5 32
4
1 4 3 2
34 33 35 23
10
4 9 2 8 3 6 10 7 5 1
18 33 23 31 9 57 60 21 27 51
9
1 2 5 4 3 8 9 7 6
32 45 36 5 33 3 6 36 31
10
3 8 2 10 1 4 7 6 5 9
13 28 37 6 9 15 24 8 19 35
10
5 8 2 4 1 9 10 7 6 3
25 56 35 0 41 51 3 4 54 11
9
7 8 4 9 6 1 3 2 5
19 23 49 48 37 23 35 54 36
7
1 6 7 4 3 5 2
18 47 27 14 42 11 26
8
2 1 4 5 7 3 8 6
0 43 20 58 19 32 32 50
6
2 3 4 5 6 1
39 53 26 14 43 15
7
3 1 2 7 4 6 5
47 34 9 52 28 21 2
8
7 5 6 4 2 1 8 3
37 42 37 34 25 21 25 48
5
3 1 4 2 5
26 10 60 26 51
7
6 7 4 3 5 1 2
42 22 6 41 28 6 25
4
3 1 4 2
3 1 53 10
8
8 5 4 6 1 7 2 3
41 36 1 11 20 1 19 17
2
1 2
28 9
10
7 3 10 5 8 2 6 1 4 9
31 41 47 54 12 60 0 8 33 38
8
3 6 1 7 8 4 2 5
25 54 59 42 53 16 20 23
1
1
43
5
2 4 5 3 1
35 19 19 6 57
7
1 5 7 2 3 6 4
16 40 45 44 18 56 17
10
8 3 10 2 4 5 6 9 7 1
18 38 57 12 40 14 26 9 33 16
7
4 7 3 5 1 2 6
40 51 16 43 17 48 6
7
2 7 3 5 1 4 6
34 59 53 11 21 5 48
3
3 2 1
22 18 11
8
5 8 1 6 4 2 7 3
32 41 37 0 58 6 28 37
7
5 3 4 7 1 2 6
36 46 26 29 45 37 45
7
2 5 7 1 6 4 3
53 9 39 28 6 37 30
7
5 6 2 1 4 7 3
39 27 53 47 50 36 45
3
2 3 1
47 50 41
9
6 2 5 3 9 8 7 1 4
55 32 41 33 46 20 39 34 40
3
2 1 3
31 34 19
4
4 2 1 3
41 17 59 5
2
1 2
34 34
7
1 5 6 4 7 3 2
28 26 25 50 23 23 39
3
3 2 1
2 57 60
9
9 5 8 2 7 3 4 6 1
11 16 29 19 9 42 51 37 37
10
2 5 9 7 6 1 8 4 10 3
0 2 45 59 52 34 26 48 53 40
2
1 2
34 42
4
3 2 1 4
23 38 4 0
6
6 2 5 3 1 4
52 51 5 16 16 8
4
4 1 3 2
6 54 5 60
6
6 5 2 3 1 4
41 57 46 51 48 55
5
1 5 2 4 3
11 47 54 6 33
10
10 3 9 2 4 7 1 5 6 8
14 60 20 10 46 42 53 50 58 0
9
1 5 8 4 9 7 2 3 6
34 48 19 23 3 28 41 17 52
9
6 4 5 8 2 1 7 3 9
48 27 7 18 13 21 21 1 55
9
5 2 3 9 4 8 7 1 6
44 42 1 56 9 4 50 31 17
5
3 4 2 1 5
47 25 56 22 19
5
2 4 5 1 3
51 0 32 37 53
10
2 9 6 4 10 1 7 3 8 5
28 38 47 50 44 15 55 42 51 54
6
3 1 5 4 6 2
54 44 7 27 0 17
10
3 1 6 4 9 2 5 8 10 7
23 15 18 51 3 35 39 26 48 24
9
3 4 6 5 7 2 1 9 8
56 52 54 55 24 45 48 55 25
6
5 6 2 4 3 1
32 8 21 29 43 26
3
3 1 2
25 10 35
9
1 3 7 5 9 8 2 4 6
48 51 18 11 38 24 11 48 60
4
1 3 4 2
40 44 1 14
9
4 5 3 2 9 6 1 7 8
12 52 50 41 24 11 38 33 6
6
3 2 1 6 5 4
20 39 24 19 32 51
9
2 3 7 5 4 9 1 6 8
50 42 60 45 36 7 47 6 29
3
1 2 3
44 39 28
10
8 6 4 7 3 5 9 10 2 1
44 16 10 38 38 32 42 42 35 35
10
5 6 3 4 10 7 9 8 1 2
4 2 44 23 20 24 58 43 42 57
2
2 1
0 51
7
6 2 4 3 7 5 1
32 35 24 21 18 11 34
9
3 6 7 4 8 9 5 2 1
26 53 3 20 56 60 41 58 17
8
6 3 2 4 7 8 5 1
22 38 47 46 48 8 34 3
9
8 6 7 1 5 4 3 9 2
27 17 3 6 18 52 55 6 60
3
1 3 2
9 54 23
4
1 4 2 3
10 32 15 4
3
2 3 1
44 19 4
8
8 5 2 4 1 7 6 3
13 29 35 25 36 59 48 21
10
2 10 5 7 6 9 1 4 8 3
47 32 36 57 21 42 46 55 53 35
4
3 4 1 2
43 59 48 21
8
7 6 8 1 5 4 3 2
37 39 37 42 45 22 7 21
10
4 8 10 3 2 1 5 7 6 9
51 8 12 55 9 21 45 11 46 34
8
8 2 7 5 6 1 3 4
0 30 17 27 24 52 51 33
8
5 3 6 7 8 2 4 1
20 30 39 44 58 10 22 15
7
6 2 4 1 3 5 7
8 23 12 53 8 22 13
8
4 1 2 3 6 7 5 8
43 3 37 13 32 25 37 0
4
4 2 3 1
32 0 54 19
4
2 4 3 1
9 58 56 18
3
3 2 1
15 44 37
6
3 1 5 6 2 4
32 49 54 26 19 10
8
6 8 7 5 2 1 3 4
26 9 8 3 60 52 4 18
1
1
29
5
1 5 2 3 4
4 9 36 8 30
4
4 3 2 1
8 48 5 4
6
3 6 2 4 5 1
6 10 35 34 12 24
9
1 2 4 6 9 3 5 8 7
36 20 21 52 40 1 28 8 0
3
2 3 1
22 56 8
6
1 2 6 5 3 4
23 18 21 23 22 57
7
4 1 6 3 7 5 2
53 16 31 25 28 25 33
4
2 1 3 4
38 17 12 15
5
2 3 1 4 5
13 50 24 48 45
5
4 5 2 1 3
58 8 12 27 34
2
2 1
46 40
9
4 8 5 9 2 7 1 3 6
34 11 18 19 29 7 13 58 17
6
2 5 1 6 4 3
47 39 6 31 20 48
9
9 6 5 4 1 2 3 8 7
52 24 13 37 57 10 37 11 60
7
5 7 1 2 4 3 6
17 5 8 20 7 15 6
10
6 9 4 10 1 7 2 5 3 8
35 6 21 36 50 5 39 60 31 34
10
2 8 7 4 9 6 1 5 10 3
36 13 17 17 9 51 54 28 49 8
5
2 5 1 4 3
51 52 43 21 7
3
2 3 1
19 60 5
5
5 2 4 1 3
5 36 3 26 2
6
6 1 4 3 5 2
60 46 18 9 47 25
9
9 6 8 1 7 3 5 4 2
10 49 60 35 1 40 4 7 15
6
3 6 1 2 4 5
52 0 12 41 33 39
10
10 6 4 2 1 7 5 9 8 3
57 47 15 22 51 11 45 43 55 36
9
5 3 2 6 9 8 4 1 7
26 46 40 26 4 39 43 42 41
10
7 1 2 3 5 4 6 9 10 8
16 60 57 38 20 59 39 41 44 11
7
6 1 5 4 3 2 7
1 44 9 6 22 56 4
8
5 2 4 3 6 8 1 7
45 10 39 58 55 42 15 22
10
2 10 8 7 9 5 1 6 3 4
12 55 13 37 33 55 0 22 26 54
8
4 8 6 3 7 5 2 1
31 15 18 7 41 30 54 31
4
2 3 1 4
56 0 26 42
4
4 1 2 3
58 13 1 56
9
6 1 9 8 4 3 5 2 7
12 48 42 44 24 20 0 1 13
10
5 2 8 3 6 9 4 7 1 10
3 7 36 44 27 31 40 10 44 52
2
2 1
28 0
3
3 2 1
41 56 27
9
4 3 8 1 5 9 6 7 2
6 58 18 42 15 58 23 55 21
5
1 5 4 2 3
16 54 7 35 25
3
2 1 3
26 13 24
7
4 2 1 7 3 5 6
26 37 17 53 26 29 34
8
4 2 7 1 5 8 3 6
0 0 43 28 14 18 39 56
9
9 1 4 6 5 7 2 3 8
23 7 55 30 7 28 24 21 56
4
3 4 2 1
46 32 45 0
2
1 2
3 1
6
2 1 4 3 6 5
46 11 42 46 23 39
7
6 5 4 3 1 7 2
59 6 35 41 51 1 2
3
3 2 1
20 33 44
4
1 2 4 3
8 56 13 33
6
4 3 1 6 5 2
6 20 0 3 40 3
5
1 2 3 5 4
2 27 36 41 51
4
3 4 1 2
1 40 24 6
2
2 1
41 4
7
1 4 2 7 6 5 3
23 49 19 1 6 3 24
4
2 4 1 3
1 33 50 4
8
1 7 2 4 6 3 5 8
20 8 51 36 6 43 52 56
2
2 1
46 24
3
2 3 1
23 21 40
3
1 3 2
53 26 5
1
1
6
7
5 7 1 4 3 6 2
53 12 47 45 36 41 10
3
1 3 2
30 20 28
3
3 1 2
7 13 50
6
6 3 2 1 5 4
28 38 31 4 40 9
3
1 2 3
38 58 52
8
4 6 5 8 7 3 2 1
40 31 53 53 58 52 35 52
5
5 2 4 1 3
40 51 20 45 9
7
3 2 1 7 6 5 4
46 6 40 53 3 36 1
9
2 3 4 5 6 7 9 8 1
7 3 12 56 52 23 17 25 41
10
1 3 9 2 4 5 7 10 6 8
13 19 1 35 60 31 28 56 30 50
4
1 2 3 4
4 28 50 22
1
1
48
8
2 5 1 8 3 6 4 7
31 7 46 45 35 36 36 30
10
2 4 9 10 1 7 5 8 3 6
37 48 5 14 32 47 39 2 22 12
4
3 4 2 1
55 52 24 21
5
4 3 1 5 2
54 18 33 26 34
5
1 3 2 4 5
58 30 40 22 10
4
2 1 3 4
48 3 2 34
6
1 3 5 2 6 4
21 49 36 4 29 5
10
6 10 3 9 8 2 1 5 4 7
35 3 27 13 47 24 23 35 12 0
5
3 2 1 5 4
47 35 32 48 1
6
6 2 5 3 1 4
42 6 39 38 53 41
3
3 2 1
36 39 56
10
1 5 4 2 3 6 10 8 7 9
35 21 54 28 39 16 4 50 51 12
10
9 4 7 10 8 6 2 3 1 5
19 49 27 54 47 54 43 50 21 44
8
5 7 3 1 2 4 6 8
58 35 47 20 4 49 41 42
4
4 2 3 1
8 28 22 13
3
2 3 1
36 51 56
1
1
26
3
3 2 1
24 50 4
9
8 1 9 2 3 7 6 4 5
60 58 49 28 20 52 1 34 12
9
8 7 2 3 1 5 6 9 4
2 36 53 0 16 33 9 39 50
9
7 1 6 5 3 8 4 9 2
30 44 41 24 41 5 42 6 60
8
3 7 2 4 8 5 6 1
57 29 19 13 37 3 44 26
8
5 6 3 1 2 7 4 8
56 52 59 28 52 16 17 49
5
2 3 5 4 1
29 0 7 17 14
4
2 3 1 4
43 47 13 43
9
7 2 6 5 4 1 3 9 8
20 57 45 3 48 8 26 24 29
4
2 1 4 3
1 51 17 2
3
2 3 1
42 10 55
10
6 10 8 2 3 9 7 5 4 1
8 59 52 52 35 20 16 26 54 30
5
3 5 4 1 2
25 17 22 36 2
3
1 2 3
46 29 16
2
1 2
36 31
9
8 2 6 5 7 3 4 1 9
56 36 55 11 25 28 49 11 6
8
1 2 5 8 3 6 7 4
4 2 16 45 28 11 48 13
7
5 7 6 2 3 1 4
33 23 36 46 3 55 13
8
8 2 6 1 4 5 3 7
33 12 41 24 55 12 57 47
3
2 1 3
47 2 17
6
4 2 1 6 3 5
1 24 1 12 1 29
5
2 5 3 4 1
60 31 18 42 7
8
2 3 4 8 6 1 5 7
49 10 2 28 20 49 41 18
3
3 1 2
44 16 47
5
2 5 1 3 4
42 58 30 2 27
10
10 1 6 4 8 7 9 5 2 3
5 23 47 2 33 12 46 25 54 32
3
3 1 2
54 5 59
3
1 2 3
20 12 43
10
8 9 1 3 5 4 2 6 10 7
19 35 31 55 38 8 47 55 52 27
3
1 3 2
29 54 45
9
2 8 5 3 6 1 9 7 4
23 23 48 53 30 29 60 40 5
6
3 1 6 4 2 5
17 46 48 54 41 50
9
6 5 9 3 4 1 2 7 8
32 5 55 54 20 18 28 32 11
3
1 3 2
32 49 24
10
1 4 2 10 8 3 9 5 7 6
47 19 27 11 54 23 31 21 50 26
10
3 8 9 6 1 5 7 4 10 2
39 57 6 30 22 32 54 22 24 31
10
3 6 7 2 1 10 8 4 9 5
56 44 27 7 5 8 24 51 1 18
8
2 5 1 7 8 6 4 3
11 42 3 57 16 12 43 0
10
4 10 8 6 7 5 3 1 9 2
39 59 44 30 43 8 58 31 10 34
4
4 1 2 3
23 39 46 25
4
4 1 3 2
15 10 38 15
7
6 1 3 4 5 7 2
50 7 15 58 5 10 53
7
3 5 7 1 6 2 4
25 54 20 45 11 18 47
10
2 9 8 10 5 4 7 6 3 1
37 0 37 47 12 10 8 2 56 30
3
2 3 1
51 60 43
9
1 9 7 4 6 8 5 3 2
21 37 12 59 55 1 15 31 51
4
3 4 1 2
36 18 49 39
6
6 3 1 5 2 4
25 2 24 36 19 57
10
1 9 2 8 6 10 3 5 4 7
32 14 44 1 23 32 40 6 35 43
5
4 1 2 3 5
8 14 37 24 23
3
3 1 2
30 59 21
3
3 2 1
23 44 25
6
2 6 4 1 5 3
11 18 5 0 20 4
8
1 7 8 6 3 5 2 4
0 60 49 4 42 1 4 29
9
8 3 6 5 4 1 7 2 9
46 26 28 17 50 59 22 24 53
8
5 7 2 3 6 1 4 8
49 39 13 14 32 2 34 3
3
1 2 3
60 56 44
5
5 3 2 4 1
0 25 31 60 21
5
1 4 2 5 3
25 18 7 8 54
7
7 1 5 3 4 6 2
47 27 9 41 6 13 53
8
6 1 5 4 7 3 2 8
0 27 41 7 21 16 57 52
9
7 6 8 1 9 3 2 5 4
18 45 20 8 17 46 16 18 10
10
5 2 4 1 9 8 3 10 6 7
24 13 44 25 50 25 59 43 20 15
6
6 5 1 2 3 4
46 15 39 8 44 18
9
3 7 2 4 9 8 5 6 1
28 60 8 59 9 26 60 51 21
6
1 2 4 3 5 6
10 23 24 44 55 41
10
9 8 6 1 7 3 2 10 5 4
39 39 14 31 17 56 42 50 27 58
7
3 5 7 1 6 4 2
34 13 11 7 39 17 55
10
5 10 8 2 4 3 7 6 1 9
1 48 33 22 56 14 41 33 0 39
9
6 4 8 5 2 3 7 9 1
57 12 52 7 22 50 30 28 40
8
6 4 2 8 5 3 7 1
34 26 59 26 55 29 9 23
5
5 3 2 4 1
5 24 17 2 2
1
1
27
6
6 3 1 2 5 4
60 18 0 28 33 54
6
4 6 1 5 3 2
35 8 51 55 56 35
3
1 3 2
36 24 17
3
2 1 3
51 58 2
6
4 3 6 2 1 5
0 58 46 26 9 36
9
8 4 6 2 3 1 5 7 9
31 42 55 6 5 10 18 26 47
3
2 3 1
53 38 10
8
7 4 8 5 2 6 1 3
12 37 39 7 28 19 19 14
5
5 4 1 3 2
16 52 8 31 18
3
1 2 3
3 21 19
6
4 3 1 2 6 5
45 22 56 36 20 3
10
8 4 3 2 10 1 7 5 9 6
17 18 49 33 8 48 15 38 14 38
7
1 4 2 6 5 3 7
20 28 15 3 42 55 42
7
5 1 6 2 4 7 3
16 42 26 44 10 10 18
10
1 8 9 7 10 2 6 5 4 3
23 50 32 18 22 13 10 36 4 55
7
5 2 6 1 3 7 4
60 35 22 56 25 3 16
5
2 1 4 5 3
1 40 7 12 17
5
1 2 4 5 3
52 59 52 33 11
8
5 2 6 7 4 1 8 3
35 35 37 13 22 22 56 28
7
3 7 4 1 2 5 6
24 56 47 56 12 52 37
6
5 4 3 1 6 2
55 13 28 1 3 36
3
2 1 3
29 42 22
5
5 2 1 4 3
58 23 42 35 5
6
4 1 5 2 3 6
21 46 58 57 34 0
5
3 2 5 1 4
48 26 45 16 48
5
2 1 3 5 4
11 27 48 22 40
4
1 2 3 4
47 3 3 23
2
2 1
50 16
4
1 4 3 2
35 26 33 27
9
3 1 6 8 4 2 9 5 7
44 45 43 12 39 5 6 21 40
7
1 7 2 5 6 3 4
20 26 16 39 33 55 34
7
7 5 1 2 6 4 3
9 28 49 1 50 28 26
4
4 2 3 1
58 43 6 56
8
1 4 8 7 3 6 5 2
50 13 48 36 49 11 14 45
5
3 5 4 1 2
44 0 1 20 47
5
4 5 3 2 1
29 17 44 51 17
1
1
15
10
3 6 10 2 8 1 5 4 7 9
19 1 0 25 5 53 44 11 19 15
5
1 3 4 2 5
56 25 18 37 6
8
4 1 7 3 8 5 6 2
11 37 9 42 45 14 20 4
3
2 3 1
44 53 5
3
2 1 3
58 23 48
9
6 2 4 7 8 1 5 9 3
42 4 26 47 45 15 4 43 13
4
2 1 4 3
34 53 35 1
6
3 1 6 4 5 2
27 25 31 57 29 56
7
3 2 1 4 6 7 5
40 55 56 30 22 36 47
5
3 5 4 2 1
36 53 42 6 31
4
2 3 4 1
5 17 56 19
2
2 1
25 29
7
6 4 1 2 5 7 3
39 24 15 7 39 15 47
2
1 2
10 29
8
6 2 5 1 4 8 7 3
58 49 48 24 16 9 58 1
3
3 2 1
33 40 27
8
4 7 2 5 6 1 8 3
48 47 8 60 21 34 34 28
8
2 4 6 3 5 7 1 8
5 44 22 52 56 34 24 20
5
3 1 4 5 2
35 10 1 42 19
10
5 4 9 7 6 2 1 10 8 3
47 46 0 34 22 35 39 12 14 27
7
6 1 3 2 4 7 5
55 21 44 37 52 41 36
7
1 5 3 7 6 2 4
27 20 37 38 48 1 25
7
1 5 7 4 3 2 6
8 27 18 17 17 39 21
8
7 2 5 1 3 8 6 4
0 11 24 4 47 23 52 50
3
1 2 3
19 59 34
8
5 6 1 7 8 2 4 3
34 59 1 1 55 29 15 15
9
8 6 3 9 5 4 7 2 1
37 1 8 42 57 3 4 52 46
2
1 2
34 25
7
6 3 1 5 2 7 4
25 0 11 5 3 36 48
10
4 3 2 5 10 6 8 1 9 7
1 53 2 21 8 30 48 54 3 0
6
6 3 4 1 5 2
40 33 38 60 25 37
7
4 6 5 1 2 3 7
9 11 26 29 57 43 46
9
4 2 5 9 7 1 8 3 6
13 49 40 28 2 20 37 7 2
9
6 4 9 1 7 2 8 5 3
32 53 60 33 30 60 52 53 24
10
9 8 2 10 5 6 7 3 1 4
15 60 21 18 48 4 15 22 23 14
6
5 1 4 3 6 2
58 11 40 39 38 22
10
3 2 8 4 7 10 6 5 1 9
49 22 21 12 53 60 21 51 56 25
1
1
57
4
2 4 3 1
35 45 16 13
10
3 6 5 7 1 8 4 9 2 10
49 34 27 60 13 43 11 49 41 58
6
6 3 2 4 5 1
59 3 15 50 30 38
10
10 7 5 8 4 6 3 9 2 1
4 9 58 37 50 27 30 38 12 47
3
1 2 3
2 15 28
5
4 2 5 1 3
35 33 24 45 39
5
4 3 5 1 2
59 11 28 43 30
7
2 5 4 6 7 1 3
33 58 39 5 23 40 39
3
3 1 2
17 21 26
10
1 9 10 7 3 6 8 2 5 4
32 18 53 13 12 39 47 40 54 52
7
1 6 3 7 4 2 5
32 9 43 30 39 17 48
4
4 3 1 2
46 15 49 39
3
3 2 1
23 11 21
9
6 2 8 9 1 7 4 5 3
47 27 7 10 23 40 43 5 5
9
8 3 6 4 5 2 7 1 9
2 37 49 0 24 30 30 52 29
5
2 1 5 3 4
12 43 5 52 23
4
4 2 3 1
25 2 9 60
10
10 2 8 5 1 7 9 4 6 3
60 9 26 48 53 17 40 59 1 14
3
3 1 2
5 21 16
10
9 2 8 5 4 3 6 10 1 7
8 39 14 7 32 48 16 47 49 41
7
3 4 5 6 7 1 2
38 16 44 28 25 29 45
8
2 1 5 3 4 6 7 8
0 3 1 55 12 29 20 20
6
4 1 2 3 5 6
24 11 12 6 58 4
10
1 9 6 10 2 3 5 4 8 7
44 19 0 12 0 39 48 9 40 27
5
1 2 4 5 3
14 56 28 15 52
10
2 7 8 10 6 3 5 9 4 1
32 23 10 39 23 12 19 18 28 51
5
3 5 1 4 2
28 6 38 51 43
7
4 7 5 1 3 6 2
53 27 37 8 13 37 39
8
2 6 4 1 3 5 7 8
46 8 38 44 5 57 52 8
9
4 8 1 5 3 7 2 6 9
58 22 1 7 5 2 2 4 6
3
2 1 3
27 60 1
9
8 9 4 5 1 2 7 3 6
22 17 50 29 7 19 29 49 21
9
3 4 8 9 6 1 2 7 5
34 9 0 10 7 56 43 19 3
7
3 2 5 4 6 1 7
37 27 59 21 52 20 9
10
4 8 7 10 5 9 2 3 6 1
30 47 59 37 46 32 47 23 11 30
5
2 1 3 5 4
14 47 8 4 4
9
3 2 7 6 5 1 8 4 9
60 41 21 7 0 25 58 4 20
4
4 2 3 1
27 52 4 58
6
4 1 2 5 3 6
19 48 11 13 34 19
3
2 1 3
29 32 32
5
3 5 1 2 4
37 59 18 32 54
3
3 2 1
18 37 8
10
1 4 8 5 9 7 3 10 2 6
35 60 4 40 8 12 56 19 36 7
3
3 2 1
58 43 33
3
3 1 2
4 5 28
5
5 4 1 3 2
32 9 47 55 32
5
5 3 4 2 1
50 35 22 38 4
8
7 6 8 5 3 2 4 1
59 37 54 8 16 29 1 37
3
2 3 1
35 42 34
8
8 7 6 4 5 2 3 1
11 29 47 52 5 7 12 57
5
2 5 4 3 1
30 25 33 35 30
7
7 3 6 5 1 2 4
11 49 24 0 57 49 16
8
8 5 2 3 4 7 1 6
36 17 54 56 11 57 0 27
9
2 1 4 3 6 7 5 8 9
0 55 23 48 25 13 35 56 12
8
7 6 5 3 8 2 1 4
35 27 20 55 39 43 55 43
3
2 3 1
36 17 25
1
1
8
3
2 1 3
53 41 56
4
4 2 3 1
18 26 24 10
3
3 1 2
31 7 34
6
2 1 6 5 3 4
15 11 37 51 39 48
4
2 4 1 3
21 37 20 8
5
4 2 3 5 1
50 36 8 19 42
5
1 5 3 4 2
25 20 55 51 35
6
5 1 2 6 4 3
21 42 2 11 10 54
1
1
23
6
5 2 4 6 3 1
34 15 11 50 17 43
7
7 5 4 1 3 2 6
36 19 39 24 15 3 4
9
2 9 1 5 6 8 3 7 4
21 15 34 4 27 24 21 40 2
7
1 2 7 6 3 4 5
6 44 28 59 55 55 51
1
1
5
10
9 10 7 3 2 5 8 1 6 4
35 57 58 51 16 10 51 49 30 34
3
3 2 1
35 23 24
6
4 6 3 5 2 1
35 23 17 25 4 2
8
8 4 1 5 3 2 6 7
43 51 42 54 4 9 9 38
8
8 3 5 2 6 4 1 7
10 57 29 29 20 32 21 13
4
1 4 3 2
32 7 49 8
8
5 3 8 7 2 1 6 4
12 17 28 20 6 13 54 42
10
3 6 10 5 8 1 7 9 4 2
32 10 14 60 39 58 37 12 28 11
6
2 5 4 3 1 6
1 17 22 31 46 58
5
4 3 1 5 2
7 59 45 32 18
4
1 2 3 4
54 58 26 32
8
4 1 3 6 7 5 2 8
57 34 33 31 8 41 45 33
5
1 3 4 5 2
21 13 9 44 51
4
2 3 1 4
42 12 21 17
10
7 6 2 3 10 5 9 4 1 8
2 46 0 17 21 42 6 19 52 10
4
3 1 4 2
29 32 42 57
8
4 1 2 6 3 8 5 7
2 50 40 8 13 5 9 29
8
8 6 1 5 7 3 4 2
24 47 56 11 25 10 53 14
5
4 1 5 3 2
14 42 2 25 59
7
1 3 7 6 5 4 2
6 54 53 2 58 18 23
10
6 2 4 3 1 8 10 9 5 7
39 46 15 14 52 1 60 38 24 19
3
1 2 3
49 47 17
3
2 1 3
10 36 4
10
9 6 3 5 8 10 1 2 4 7
27 15 42 34 47 34 49 59 56 21
7
5 7 2 1 6 4 3
12 38 52 3 2 9 18
4
1 3 4 2
28 55 9 13
9
7 1 8 6 4 5 2 3 9
28 22 15 51 17 45 27 23 13
10
3 7 9 10 4 5 1 2 8 6
47 23 38 33 54 47 47 59 34 26
8
8 2 5 3 6 1 4 7
44 35 23 40 51 52 40 26
7
2 4 1 7 6 5 3
19 47 58 58 54 50 30
5
4 2 5 1 3
43 53 31 37 53
4
1 4 2 3
40 31 12 6
10
1 4 8 5 9 6 7 3 2 10
15 53 27 52 3 37 53 36 48 42
8
7 8 4 5 3 6 2 1
19 3 60 4 31 19 21 50
3
3 1 2
60 43 32
10
1 9 7 2 3 5 10 8 6 4
40 28 32 29 55 7 60 39 42 42
